image_width: 720
image_height: 540
camera_name: cam
camera_matrix:
  rows: 3
  cols: 3
  data: [589.042359726, 0.0, 357.662282667, 0.0, 588.733482817, 265.26341813, 0.0, 0.0, 1.0]
distortion_model: equidistant
distortion_coefficients:
  rows: 1
  cols: 4
  data: [-0.0175970793768, -0.0191307733806, 0.0302571685124, -0.0267661867862]



