image_width: 720
image_height: 540
camera_name: cam
camera_matrix:
  rows: 3
  cols: 3
  data: [593.480239978, 0.0, 354.953898442, 0.0, 593.616198611, 264.336789585, 0.0, 0.0, 1.0]
distortion_model: equidistant
distortion_coefficients:
  rows: 1
  cols: 4
  data: [-0.019600949082, -0.00541260503965, -0.00937748600335, 0.0146414173846]



