cam0:
  T_cam_imu:
  - [-0.99994301550799, 0.008512857551334572, 0.0064418159781867695, -0.07355531036324714]
  - [0.006518496464997392, 0.009010772572842938, 0.9999381556783775, 0.0011060567846422687]
  - [0.008454285340698699, 0.9999231656652174, -0.009065750130400731, -0.08337572852445009]
  - [0.0, 0.0, 0.0, 1.0]
  cam_overlaps: [1]
  camera_model: pinhole
  distortion_coeffs: [-0.33321172257319404, 0.12166801905667117, -0.00039907016454379825,
    0.00046009159935012637]
  distortion_model: radtan
  intrinsics: [293.6507710755137, 293.61243873620003, 179.32970967122912, 130.98717512540065]
  resolution: [360, 270]
  rostopic: /cam0/cam0
  timeshift_cam_imu: 0.015094877984843092
cam1:
  T_cam_imu:
  - [-0.9999651024376466, 0.0076599388802592785, 0.003334552926142351, 0.0705473947180165]
  - [0.0034000872789052036, 0.008558436229072696, 0.9999575953888288, 0.0017572435793420296]
  - [0.007631075504958609, 0.9999340370772781, -0.008584182021254784, -0.08393972270313035]
  - [0.0, 0.0, 0.0, 1.0]
  T_cn_cnm1:
  - [0.9999948084791145, -0.003114900315209938, -0.0008248701964229324, 0.14403699432039607]
  - [0.0031145060373064244, 0.9999950352690367, -0.00047884174543405116, 0.000840356964802922]
  - [0.0008263576454681177, 0.00047627019631037664, 0.9999995451497652, -0.0005037758909482657]
  - [0.0, 0.0, 0.0, 1.0]
  cam_overlaps: [0]
  camera_model: pinhole
  distortion_coeffs: [-0.33327820112860845, 0.12213796944379673, -0.0003147983697269987,
    0.0005161897491202098]
  distortion_model: radtan
  intrinsics: [295.20707667053125, 295.3775739835365, 177.1232538604862, 132.1753053720428]
  resolution: [360, 270]
  rostopic: /cam1/cam1
  timeshift_cam_imu: 0.02759624664312406
