cam0:
  cam_overlaps: [1]
  camera_model: pinhole
  distortion_coeffs: [-0.33321172257319404, 0.12166801905667117, -0.00039907016454379825,
    0.00046009159935012637]
  distortion_model: radtan
  intrinsics: [293.6507710755137, 293.61243873620003, 179.32970967122912, 130.98717512540065]
  resolution: [360, 270]
  rostopic: /cam0/cam0
cam1:
  T_cn_cnm1:
  - [0.9999948084791129, -0.003114900315209938, -0.0008248701964229324, 0.14403699432039607]
  - [0.0031145060373064244, 0.9999950352690351, -0.0004788417454340512, 0.000840356964802922]
  - [0.0008263576454681177, 0.0004762701963103767, 0.9999995451497636, -0.0005037758909482657]
  - [0.0, 0.0, 0.0, 1.0]
  cam_overlaps: [0]
  camera_model: pinhole
  distortion_coeffs: [-0.33327820112860845, 0.12213796944379673, -0.0003147983697269987,
    0.0005161897491202098]
  distortion_model: radtan
  intrinsics: [295.20707667053125, 295.3775739835365, 177.1232538604862, 132.1753053720428]
  resolution: [360, 270]
  rostopic: /cam1/cam1
