rot:
  max: 179.99398437324302
  mean: 176.88562377554325
  median: 177.94742025955264
  min: 165.84717179035374
  num_samples: 806
  rmse: 176.91318301217413
  std: 3.1225670586832543
scale:
  max: 4202.074348211318
  mean: 2066.9973131893507
  median: 1821.363741106546
  min: 1.6095100554506248
  num_samples: 806
  rmse: 2499.648894844123
  std: 1405.6196871001239
trans:
  max: 5.841279977098496
  mean: 2.9371171586947753
  median: 2.654035309390743
  min: 0.09922471901533787
  num_samples: 806
  rmse: 3.5330526669143953
  std: 1.9636201117557455
