image_width: 720
image_height: 540
camera_name: cam
camera_matrix:
  rows: 3
  cols: 3
  data: [590.109650521, 0.0, 358.992215058, 0.0, 590.005058068, 263.201914335, 0.0, 0.0, 1.0]
distortion_model: equidistant
distortion_coefficients:
  rows: 1
  cols: 4
  data: [-0.0126695668945, -0.0633440429234, 0.15713549178, -0.146257293726]

