image_width: 720
image_height: 540
camera_name: cam
camera_matrix:
  rows: 3
  cols: 3
  data: [589.0423597261267, 0.0, 357.6622826671906, 0.0, 588.7334828168442, 265.2634181301571, 0.0, 0.0, 1.0]
distortion_model: equidistant
distortion_coefficients:
  rows: 1
  cols: 4
  data: [-0.01759707937684639, -0.0191307733806231, 0.030257168512402188, -0.02676618678615681]

