image_width: 720
image_height: 540
camera_name: cam
camera_matrix:
  rows: 3
  cols: 3
  data: [593.4802399778455, 0.0, 354.95389844178294, 0.0, 593.6161986111495, 264.33678958513497, 0.0, 0.0, 1.0]
distortion_model: equidistant
distortion_coefficients:
  rows: 1
  cols: 4
  data: [-0.019600949081976137, -0.005412605039647792, -0.009377486003348305, 0.014641417384637161]

