image_width: 360
image_height: 270
camera_name: cam1
camera_matrix:
  rows: 3
  cols: 3
  data: [295.207076671, 0.0, 177.12325386, 0.0, 295.377573984, 132.175305372, 0.0, 0.0, 1.0]
distortion_model: plumb_bob
distortion_coefficients:
  rows: 1
  cols: 5
  data: [-0.333278201129, 0.122137969444, -0.000314798369727, 0.00051618974912, 0.0]
  