image_width: 720
image_height: 540
camera_name: cam
camera_matrix:
  rows: 3
  cols: 3
  data: [587.931968865, 0.0, 355.031273932, 0.0, 588.085503824, 264.421512328, 0.0, 0.0, 1.0]
distortion_model: plumb_bob
distortion_coefficients:
  rows: 1
  cols: 5
  data: [-0.327812585762, 0.116345745208, -0.000262268005509, -5.64570955276e-05, 0.0]
