0.5295602, -0.8482536,  0.0056413, 0
-0.8482541, -0.5294936,  0.0100725, 0
-0.0055570, -0.0101193, -0.9999334, 0
0, 0, 0, 1
