cam0:
  cam_overlaps: [1]
  camera_model: pinhole
  distortion_coeffs: [-0.014943980164532475, -0.0355832129896921, 0.08458424779605767,
    -0.07945067905469148]
  distortion_model: equidistant
  intrinsics: [589.7696619075964, 590.4054773170724, 365.0580282832508, 261.95135454370273]
  resolution: [720, 540]
  rostopic: /cam0/cam0
cam1:
  T_cn_cnm1:
  - [0.9999767647644179, -0.0017270971301428435, -0.006594472441947397, 0.14157441744133173]
  - [0.0017433871913423164, 0.9999954414106722, 0.0024653111309561916, 0.00223105827846293]
  - [0.006590184548676528, -0.0024767505676602363, 0.9999752172800267, -0.0035783905364385796]
  - [0.0, 0.0, 0.0, 1.0]
  cam_overlaps: [0]
  camera_model: pinhole
  distortion_coeffs: [-0.02036651904097401, 0.01528158323757215, -0.07828654167181659,
    0.09187878438518206]
  distortion_model: equidistant
  intrinsics: [589.0050611911468, 589.2952557916033, 357.05785000606977, 262.3411547354637]
  resolution: [720, 540]
  rostopic: /cam1/cam1
