cam0:
  cam_overlaps: [1]
  camera_model: pinhole
  distortion_coeffs: [-0.012899495636846468, -0.027916290461994033, 0.06637607911365971,
    -0.06823073549469741]
  distortion_model: equidistant
  intrinsics: [587.5797877060857, 587.486122072887, 362.8988815399364, 262.046725541524]
  resolution: [720, 540]
  rostopic: /cam0/cam0
cam1:
  T_cn_cnm1:
  - [0.9999909240335565, -0.0028199003737414633, 0.0031937458247618205, 0.14576554879683132]
  - [0.0028074477823171436, 0.99998846633259, 0.003896849848428934, 0.00013436063875311288]
  - [-0.003204697717503689, -0.003887848206117467, 0.9999873071938777, 0.0013553915373685232]
  - [0.0, 0.0, 0.0, 1.0]
  cam_overlaps: [0]
  camera_model: pinhole
  distortion_coeffs: [-0.017530230705130313, -0.0010294452735571758, -0.0262039351056189,
    0.032077998320939015]
  distortion_model: equidistant
  intrinsics: [592.4875327648471, 592.7091369782029, 353.66618950660575, 264.2373266069112]
  resolution: [720, 540]
  rostopic: /cam1/cam1
