cam0:
  cam_overlaps: [1]
  camera_model: pinhole
  distortion_coeffs: [-0.32951452323612973, 0.11714006852979723, -0.00015746991148458766,
    -0.001424989180152538]
  distortion_model: radtan
  intrinsics: [587.0508100666408, 587.0256171950165, 366.4862441266279, 262.6511951947535]
  resolution: [720, 540]
  rostopic: /cam0/cam0
cam1:
  T_cn_cnm1:
  - [0.9999844714472815, -0.003066870382242258, 0.004653081812682406, 0.14716033509025914]
  - [0.003051444115954415, 0.9999898371938186, 0.003318764511575281, 0.0009682056493431941]
  - [-0.004663212744899994, -0.0033045143568472455, 0.9999836671824981, -0.002756613361505232]
  - [0.0, 0.0, 0.0, 1.0]
  cam_overlaps: [0]
  camera_model: pinhole
  distortion_coeffs: [-0.3278125857621454, 0.11634574520753388, -0.0002622680055085587,
    -5.645709552760193e-05]
  distortion_model: radtan
  intrinsics: [587.9319688651238, 588.0855038237929, 355.0312739318984, 264.4215123281423]
  resolution: [720, 540]
  rostopic: /cam1/cam1
