image_width: 720
image_height: 540
camera_name: cam
camera_matrix:
  rows: 3
  cols: 3
  data: [593.947708867, 0.0, 354.853332611, 0.0, 594.015446816, 265.042292389, 0.0, 0.0, 1.0]
distortion_model: equidistant
distortion_coefficients:
  rows: 1
  cols: 4
  data: [-0.0212207944829, -0.00297262974913, -0.0103049083636, 0.0127033471758]

