cam0:
  cam_overlaps: [1]
  camera_model: pinhole
  distortion_coeffs: [-0.33687855290697194, 0.14112701313536435, 0.0006658466726844685,
    -3.9628227462547084e-06]
  distortion_model: radtan
  intrinsics: [579.1199420234732, 579.7881172600125, 365.3099294366806, 259.7575434963956]
  resolution: [720, 540]
  rostopic: /cam0/cam0
cam1:
  T_cn_cnm1:
  - [0.9999744560291975, -0.002837107760348964, 0.006560343639212329, 0.14428361601334055]
  - [0.0028244453978384424, 0.9999941321577568, 0.0019385969790539637, -0.0005210121940822385]
  - [-0.006565805152684264, -0.0019200181271893232, 0.9999766015928003, 0.000698778204736646]
  - [0.0, 0.0, 0.0, 1.0]
  cam_overlaps: [0]
  camera_model: pinhole
  distortion_coeffs: [-0.32625707631675877, 0.11754680866305944, -1.5340578928203352e-05,
    0.0002294609567456131]
  distortion_model: radtan
  intrinsics: [583.237806322451, 583.254416630411, 355.87177263648465, 261.4678724725583]
  resolution: [720, 540]
  rostopic: /cam1/cam1
