cam0:
  T_cam_imu:
  - [-0.9999920578809565, -2.0202852191646657e-05, 0.003985444373436748, -0.06972886685750505]
  - [0.003984927520117458, 0.01181465987241993, 0.9999222640609409, 0.009705259043752853]
  - [-6.728795141656497e-05, 0.9999302042662495, -0.011814485532083186, -0.09834231607956284]
  - [0.0, 0.0, 0.0, 1.0]
  cam_overlaps: [1]
  camera_model: pinhole
  distortion_coeffs: [-0.33687855290697194, 0.14112701313536435, 0.0006658466726844685,
    -3.9628227462547084e-06]
  distortion_model: radtan
  intrinsics: [579.1199420234732, 579.7881172600125, 365.3099294366806, 259.7575434963956]
  resolution: [720, 540]
  rostopic: /cam0/cam0
  timeshift_cam_imu: 0.026321685350319236
cam1:
  T_cam_imu:
  - [-0.9999782612139044, 0.006506163955873872, 0.0010709482692380723, 0.07388383605446733]
  - [0.0011603507272152183, 0.013752995157262025, 0.9999047498188985, 0.008796598406784446]
  - [0.006490815496218289, 0.9998842557790294, -0.01376024561591971, -0.09720204494125895]
  - [0.0, 0.0, 0.0, 1.0]
  T_cn_cnm1:
  - [0.9999744560291982, -0.0028371077603489636, 0.006560343639212328, 0.14428361601334055]
  - [0.002824445397838442, 0.9999941321577575, 0.0019385969790539637, -0.0005210121940822385]
  - [-0.006565805152684263, -0.0019200181271893232, 0.999976601592801, 0.000698778204736646]
  - [0.0, 0.0, 0.0, 1.0]
  cam_overlaps: [0]
  camera_model: pinhole
  distortion_coeffs: [-0.32625707631675877, 0.11754680866305944, -1.5340578928203352e-05,
    0.0002294609567456131]
  distortion_model: radtan
  intrinsics: [583.237806322451, 583.254416630411, 355.87177263648465, 261.4678724725583]
  resolution: [720, 540]
  rostopic: /cam1/cam1
  timeshift_cam_imu: 0.007297236585841368
