image_width: 720
image_height: 540
camera_name: cam
camera_matrix:
  rows: 3
  cols: 3
  data: [583.237806322, 0.0, 355.871772636, 0.0, 583.25441663, 261.467872473, 0.0, 0.0, 1.0]
distortion_model: plumb_bob
distortion_coefficients:
  rows: 1
  cols: 5
  data: [-0.326257076317, 0.117546808663, -1.53405789282e-05, 0.000229460956746, 0.0]

