cam0:
  T_cam_imu:
  - [-0.9999780121723674, 0.005396488900977148, 0.0038539692966725473, -0.08919311545122142]
  - [0.003894710896127534, 0.007559603855735693, 0.9999638411545575, 0.019259888067892663]
  - [0.005367159289014041, 0.9999568642181937, -0.007580455400592527, -0.2110858970681829]
  - [0.0, 0.0, 0.0, 1.0]
  cam_overlaps: [1]
  camera_model: pinhole
  distortion_coeffs: [-0.32951452323612973, 0.11714006852979723, -0.00015746991148458766,
    -0.001424989180152538]
  distortion_model: radtan
  intrinsics: [587.0508100666408, 587.0256171950165, 366.4862441266279, 262.6511951947535]
  resolution: [720, 540]
  rostopic: /cam0/cam0
  timeshift_cam_imu: 0.025858286354320713
cam1:
  T_cam_imu:
  - [-0.9999494547033126, 0.010026101874508756, 0.000751877483200691, 0.05692733715019051]
  - [0.00086110663138476, 0.01089461546732413, 0.9999402811414232, 0.019255185791315195]
  - [0.010017311711090824, 0.9998903863099301, -0.01090269833856421, -0.21348678090615666]
  - [0.0, 0.0, 0.0, 1.0]
  T_cn_cnm1:
  - [0.9999844714472822, -0.003066870382242258, 0.004653081812682406, 0.14716033509025914]
  - [0.003051444115954415, 0.9999898371938193, 0.003318764511575281, 0.0009682056493431941]
  - [-0.004663212744899994, -0.0033045143568472455, 0.9999836671824988, -0.002756613361505232]
  - [0.0, 0.0, 0.0, 1.0]
  cam_overlaps: [0]
  camera_model: pinhole
  distortion_coeffs: [-0.3278125857621454, 0.11634574520753388, -0.0002622680055085587,
    -5.645709552760193e-05]
  distortion_model: radtan
  intrinsics: [587.9319688651238, 588.0855038237929, 355.0312739318984, 264.4215123281423]
  resolution: [720, 540]
  rostopic: /cam1/cam1
  timeshift_cam_imu: 0.005461041914422931
