cam0:
  T_cam_imu:
  - [-0.9999718707528451, 0.00570479056829949, 0.004869606516673393, -0.07008262030925487]
  - [0.004910403795156167, 0.007159362477535248, 0.9999623150216631, 0.007095828649942154]
  - [0.005669712305214674, 0.9999580985688786, -0.007187173915315747, -0.08367737446609072]
  - [0.0, 0.0, 0.0, 1.0]
  cam_overlaps: [1]
  camera_model: pinhole
  distortion_coeffs: [-0.012899495636846468, -0.027916290461994033, 0.06637607911365971,
    -0.06823073549469741]
  distortion_model: equidistant
  intrinsics: [587.5797877060857, 587.486122072887, 362.8988815399364, 262.046725541524]
  resolution: [720, 540]
  rostopic: /cam0/cam0
  timeshift_cam_imu: 0.025814149914712516
cam1:
  T_cam_imu:
  - [-0.999958534271198, 0.008878162105126708, 0.0020268142077472157, 0.07539631075989646]
  - [0.0021250723668045615, 0.011071982370302618, 0.9999364456173341, 0.006707275986796322]
  - [0.008855157007838852, 0.9998992896507262, -0.01109038999944188, -0.08212391471937724]
  - [0.0, 0.0, 0.0, 1.0]
  T_cn_cnm1:
  - [0.9999909240335572, -0.0028199003737414633, 0.00319374582476182, 0.14576554879683132]
  - [0.0028074477823171436, 0.9999884663325906, 0.0038968498484289334, 0.00013436063875311288]
  - [-0.0032046977175036887, -0.0038878482061174666, 0.9999873071938784, 0.0013553915373685232]
  - [0.0, 0.0, 0.0, 1.0]
  cam_overlaps: [0]
  camera_model: pinhole
  distortion_coeffs: [-0.017530230705130313, -0.0010294452735571758, -0.0262039351056189,
    0.032077998320939015]
  distortion_model: equidistant
  intrinsics: [592.4875327648471, 592.7091369782029, 353.66618950660575, 264.2373266069112]
  resolution: [720, 540]
  rostopic: /cam1/cam1
  timeshift_cam_imu: 0.006189625667050019
