image_width: 720
image_height: 540
camera_name: cam
camera_matrix:
  rows: 3
  cols: 3
  data: [592.487532765, 0.0, 353.666189507, 0.0, 592.709136978, 264.237326607, 0.0, 0.0, 1.0]
distortion_model: equidistant
distortion_coefficients:
  rows: 1
  cols: 4
  data: [-0.0175302307051, -0.00102944527356, -0.0262039351056, 0.0320779983209]

