rot:
  max: 179.98563896773456
  mean: 84.79807562399733
  median: 63.183071087849726
  min: 3.9129154662262624
  num_samples: 3459
  rmse: 101.0706205324181
  std: 54.995969900301624
scale:
  max: .inf
  mean: .inf
  median: 44098.8238706
  min: 3.384329171631495
  num_samples: 3459
  rmse: .inf
  std: .nan
trans:
  max: 94.90976928100349
  mean: 42.356701853567195
  median: 40.63114424559137
  min: 0.0007902030330207199
  num_samples: 3459
  rmse: 52.633096915328395
  std: 31.243442495768125
